guess: [ 3.e+07 -1.e+01 -3.e+01  3.e+07 -5.e+00 -3.e+01  1.e+02]
result: [ 9.64418282e+07 -5.76844528e+00 -2.57996212e+01  8.16300752e+07
  3.68404794e-01 -3.71099292e+01  9.57466449e+01]
redchisqr: 0.9579558259961982
pvalue: 0.73
fit converged: True
errors:  [2.22191371e+06 7.88024977e-01 4.57943002e-01 1.98486608e+06
 9.55714276e-01 4.47930357e-01 9.04299317e-01]



[ 3.e+07 -1.e+01 -3.e+01  3.e+07 -5.e+00 -3.e+01  1.e+02]
guess: [ 3.e+07 -1.e+01 -3.e+01  3.e+07 -5.e+00 -3.e+01  1.e+02]
result: [ 9.51538345e+07 -6.04991268e+00 -2.88246923e+01  1.48608369e+07
 -1.00809834e+01 -2.85989816e+01  9.80023281e+01]
redchisqr: 0.9735717863844608
pvalue: 0.64
fit converged: True
errors:  [2.02860599e+06 6.77236060e-01 2.30165238e-01 4.53671833e+05
 1.44496148e+00 2.02873339e+00 9.46074135e-01]



[ 3.e+07 -1.e+01 -3.e+01  3.e+07 -5.e+00 -3.e+01  1.e+02]
guess: [ 3.e+07 -1.e+01 -3.e+01  3.e+07 -5.e+00 -3.e+01  1.e+02]
result: [ 6.33256655e+07 -6.27236723e+00 -2.54154184e+01  3.11288623e+07
 -3.39243777e+00 -3.08870082e+01  9.31458402e+01]
redchisqr: 0.9193926772072432
pvalue: 0.84
fit converged: True
errors:  [2.10180596e+06 1.04014072e+00 6.68953389e-01 1.05557085e+06
 1.22336928e+00 6.89917083e-01 1.29855570e+00]



[ 3.e+07 -1.e+01 -3.e+01  3.e+07 -5.e+00 -3.e+01  1.e+02]
guess: [ 3.e+07 -1.e+01 -3.e+01  3.e+07 -5.e+00 -3.e+01  1.e+02]
result: [ 8.29411616e+07 -2.14729892e+00 -2.80700556e+01  3.49024381e+07
 -1.00684580e+01 -3.54901722e+01  9.05313381e+01]
redchisqr: 1.0209084633052197
pvalue: 0.38
fit converged: True
errors:  [2.13220887e+06 8.96118695e-01 3.69437022e-01 9.35243056e+05
 9.73248591e-01 7.51316926e-01 9.61033191e-01]



[ 3.e+07 -1.e+01 -3.e+01  3.e+07 -5.e+00 -3.e+01  1.e+02]
guess: [ 3.e+07 -1.e+01 -3.e+01  3.e+07 -5.e+00 -3.e+01  1.e+02]
result: [ 5.24345923e+07 -2.05668877e-01 -2.42576758e+01  6.53858716e+07
 -1.41022536e+01 -4.02107244e+01  8.70656498e+01]
redchisqr: 5.04980217546506
pvalue: 0.00
fit converged: True
errors:  [2.26059077e+06 1.52435840e+00 8.62334867e-01 2.67352961e+06
 1.04108588e+00 1.21572368e+00 1.46489877e+00]



[ 3.e+07 -1.e+01 -3.e+01  3.e+07 -5.e+00 -3.e+01  1.e+02]
guess: [ 3.e+07 -1.e+01 -3.e+01  3.e+07 -5.e+00 -3.e+01  1.e+02]
result: [ 6.80116414e+07 -7.10437249e+00 -2.39445899e+01  4.14217564e+07
 -6.76254885e+00 -3.09655228e+01  9.38582831e+01]
redchisqr: 4.98214833259331
pvalue: 0.00
fit converged: True
errors:  [3.63265030e+06 1.66785999e+00 1.10726149e+00 2.16699873e+06
 1.76928376e+00 9.62518234e-01 2.11109224e+00]



[ 3.e+07 -1.e+01 -3.e+01  3.e+07 -5.e+00 -3.e+01  1.e+02]
guess: [ 3.e+07 -1.e+01 -3.e+01  3.e+07 -5.e+00 -3.e+01  1.e+02]
result: [ 7.49887727e+07 -5.47707985e+00 -2.29581393e+01  7.63499171e+07
 -8.88687108e+00 -4.22352995e+01  9.57494496e+01]
redchisqr: 0.9139745122813385
pvalue: 0.91
fit converged: True
errors:  [1.75517769e+06 7.44671457e-01 5.54367593e-01 1.83827739e+06
 7.06428464e-01 8.12919457e-01 9.24688240e-01]



[ 3.e+07 -1.e+01 -3.e+01  3.e+07 -5.e+00 -3.e+01  1.e+02]
guess: [ 3.e+07 -1.e+01 -3.e+01  3.e+07 -5.e+00 -3.e+01  1.e+02]
result: [ 1.05552881e+08 -3.10025524e+00 -2.81885239e+01  5.69017991e+07
 -8.61585443e+00 -3.18512124e+01  9.06208294e+01]
redchisqr: 1.055489798918558
pvalue: 0.20
fit converged: True
errors:  [1.88047668e+06 6.49284134e-01 2.34173818e-01 1.04722772e+06
 7.22091269e-01 4.12037957e-01 6.79935861e-01]
