1.000E-01  8.991E+02  1.159E+01  9.107E+02  2.177E-04  1.550E-04  0.7123
  2.000E-01  1.225E+03  6.918E+00  1.232E+03  3.097E-04  2.430E-04  0.7846
  3.000E-01  1.359E+03  5.047E+00  1.364E+03  3.863E-04  3.177E-04  0.8225
  4.000E-01  1.408E+03  4.016E+00  1.412E+03  4.581E-04  3.884E-04  0.8478
  5.000E-01  1.417E+03  3.355E+00  1.420E+03  5.286E-04  4.580E-04  0.8664
  6.000E-01  1.405E+03  2.893E+00  1.408E+03  5.993E-04  5.279E-04  0.8810
  7.000E-01  1.383E+03  2.549E+00  1.386E+03  6.708E-04  5.989E-04  0.8928
  8.000E-01  1.356E+03  2.284E+00  1.358E+03  7.437E-04  6.712E-04  0.9026
  9.000E-01  1.326E+03  2.071E+00  1.328E+03  8.181E-04  7.452E-04  0.9108
  1.000E+00  1.295E+03  1.897E+00  1.296E+03  8.944E-04  8.210E-04  0.9179
  1.100E+00  1.263E+03  1.752E+00  1.265E+03  9.724E-04  8.986E-04  0.9241
  1.200E+00  1.233E+03  1.629E+00  1.234E+03  1.052E-03  9.783E-04  0.9295
  1.300E+00  1.203E+03  1.523E+00  1.204E+03  1.134E-03  1.060E-03  0.9343
  1.400E+00  1.174E+03  1.431E+00  1.175E+03  1.219E-03  1.144E-03  0.9385
  1.500E+00  1.146E+03  1.350E+00  1.148E+03  1.305E-03  1.229E-03  0.9423
  1.600E+00  1.119E+03  1.279E+00  1.121E+03  1.393E-03  1.317E-03  0.9457
  1.700E+00  1.094E+03  1.215E+00  1.095E+03  1.483E-03  1.407E-03  0.9488
  1.800E+00  1.069E+03  1.157E+00  1.070E+03  1.575E-03  1.499E-03  0.9516
  1.900E+00  1.045E+03  1.105E+00  1.046E+03  1.670E-03  1.593E-03  0.9541
  2.000E+00  1.023E+03  1.058E+00  1.024E+03  1.767E-03  1.690E-03  0.9565
  2.100E+00  1.001E+03  1.015E+00  1.002E+03  1.865E-03  1.788E-03  0.9586
  2.200E+00  9.805E+02  9.753E-01  9.815E+02  1.966E-03  1.889E-03  0.9606
  2.300E+00  9.608E+02  9.390E-01  9.618E+02  2.069E-03  1.991E-03  0.9624
  2.400E+00  9.420E+02  9.054E-01  9.429E+02  2.174E-03  2.096E-03  0.9641
  2.500E+00  9.239E+02  8.743E-01  9.248E+02  2.281E-03  2.203E-03  0.9656
  2.600E+00  9.064E+02  8.454E-01  9.073E+02  2.390E-03  2.312E-03  0.9671
  2.700E+00  8.896E+02  8.185E-01  8.904E+02  2.502E-03  2.423E-03  0.9684
  2.800E+00  8.734E+02  7.933E-01  8.742E+02  2.615E-03  2.536E-03  0.9697
  2.900E+00  8.576E+02  7.698E-01  8.584E+02  2.731E-03  2.651E-03  0.9708
  3.000E+00  8.424E+02  7.476E-01  8.432E+02  2.848E-03  2.768E-03  0.9719
  3.100E+00  8.277E+02  7.268E-01  8.284E+02  2.968E-03  2.887E-03  0.9730
  3.200E+00  8.134E+02  7.072E-01  8.141E+02  3.089E-03  3.009E-03  0.9739
  3.300E+00  7.996E+02  6.887E-01  8.003E+02  3.213E-03  3.133E-03  0.9749
  3.400E+00  7.861E+02  6.712E-01  7.868E+02  3.339E-03  3.258E-03  0.9757
  3.500E+00  7.731E+02  6.546E-01  7.738E+02  3.468E-03  3.386E-03  0.9765
  3.600E+00  7.604E+02  6.389E-01  7.611E+02  3.598E-03  3.516E-03  0.9773
  3.700E+00  7.481E+02  6.239E-01  7.487E+02  3.730E-03  3.648E-03  0.9780
  3.800E+00  7.361E+02  6.097E-01  7.367E+02  3.865E-03  3.783E-03  0.9787
  3.900E+00  7.245E+02  5.961E-01  7.251E+02  4.002E-03  3.919E-03  0.9794
  4.000E+00  7.131E+02  5.832E-01  7.137E+02  4.141E-03  4.058E-03  0.9800
  4.100E+00  7.021E+02  5.708E-01  7.027E+02  4.282E-03  4.199E-03  0.9806
  4.200E+00  6.914E+02  5.590E-01  6.919E+02  4.425E-03  4.342E-03  0.9811
  4.300E+00  6.810E+02  5.478E-01  6.815E+02  4.571E-03  4.487E-03  0.9817
  4.400E+00  6.709E+02  5.369E-01  6.715E+02  4.719E-03  4.635E-03  0.9822
  4.500E+00  6.612E+02  5.266E-01  6.618E+02  4.869E-03  4.785E-03  0.9827
  4.600E+00  6.519E+02  5.166E-01  6.524E+02  5.021E-03  4.936E-03  0.9831
  4.700E+00  6.428E+02  5.070E-01  6.433E+02  5.175E-03  5.091E-03  0.9836
  4.800E+00  6.341E+02  4.978E-01  6.346E+02  5.332E-03  5.247E-03  0.9840
  4.900E+00  6.256E+02  4.890E-01  6.261E+02  5.491E-03  5.405E-03  0.9844
  5.000E+00  6.174E+02  4.805E-01  6.179E+02  5.651E-03  5.566E-03  0.9848
  5.100E+00  6.094E+02  4.723E-01  6.099E+02  5.814E-03  5.728E-03  0.9852
  5.200E+00  6.017E+02  4.643E-01  6.021E+02  5.979E-03  5.893E-03  0.9855
  5.300E+00  5.941E+02  4.567E-01  5.946E+02  6.147E-03  6.060E-03  0.9859
  5.400E+00  5.868E+02  4.493E-01  5.873E+02  6.316E-03  6.229E-03  0.9862
  5.500E+00  5.797E+02  4.422E-01  5.802E+02  6.487E-03  6.400E-03  0.9865
  5.600E+00  5.728E+02  4.353E-01  5.732E+02  6.660E-03  6.573E-03  0.9868
  5.700E+00  5.661E+02  4.286E-01  5.665E+02  6.836E-03  6.748E-03  0.9871
  5.800E+00  5.596E+02  4.222E-01  5.600E+02  7.014E-03  6.925E-03  0.9874
  5.900E+00  5.532E+02  4.159E-01  5.536E+02  7.193E-03  7.104E-03  0.9877
  6.000E+00  5.470E+02  4.098E-01  5.474E+02  7.375E-03  7.286E-03  0.9879
